4
11 10 12 0 0 0
6 7 3 11 0 0
3 5 8 17 0 0
2 10 6 11 0 3
4
3 2 3 17 5 0
6 3 3 11 7 0
4 7 6 13 0 3
2 10 3 11 0 9
---
--- ddsds
4
11 10 12 0 0 0
6 7 3 11 0 0
3 5 8 17 0 0
2 10 6 11 0 3
5
3 2 3 17 5 0
6 3 3 11 7 0
4 7 6 13 0 3
2 10 3 11 0 9
3 3 3 17 7 0
---
--- asdfddas
4
11 10 12 0 0 0
6 7 3 11 0 0
3 5 8 17 0 0
2 10 6 11 0 3
6
3 2 3 17 5 0
6 3 3 11 7 0
4 7 6 13 0 3
2 10 3 11 0 9
3 3 3 17 7 0
3 2 6 17 5 3
---
--- sfdfgfd
4
11 10 12 0 0 0
6 7 3 11 0 0
3 5 8 17 0 0
2 10 6 11 0 3
7
3 2 3 17 5 0
6 3 3 11 7 0
4 7 6 13 0 3
2 10 3 11 0 9
3 3 3 17 7 0
3 2 6 17 5 3
4 3 6 13 7 3
---
--- sadas
4
11 10 12 0 0 0
6 7 3 11 0 0
3 5 8 17 0 0
2 10 6 11 0 3
8
3 2 3 17 5 0
6 3 3 11 7 0
4 7 6 13 0 3
2 10 3 11 0 9
3 3 3 17 7 0
3 2 6 17 5 3
4 3 6 13 7 3
4 7 3 13 0 9
---
--- fsda
4
11 10 12 0 0 0
6 7 3 11 0 0
3 5 8 17 0 0
2 10 6 11 0 3
9
3 2 3 17 5 0
6 3 3 11 7 0
4 7 6 13 0 3
2 10 3 11 0 9
3 3 3 17 7 0
3 2 6 17 5 3
4 3 6 13 7 3
4 7 3 13 0 9
3 3 6 17 7 3
---
--- sadas
4
11 10 12 0 0 0
6 7 3 11 0 0
3 5 8 17 0 0
2 10 6 11 0 3
9
3 2 3 17 5 0
6 3 3 11 7 0
4 7 6 13 0 3
2 10 3 11 0 9
3 3 3 17 7 0
3 2 6 17 5 3
4 3 6 13 7 3
4 7 3 13 0 9
3 3 6 17 7 3
---
--- sda
4
11 10 12 0 0 0
6 7 3 11 0 0
3 5 8 17 0 0
2 10 6 11 0 3
10
3 2 3 17 5 0
6 3 3 11 7 0
4 7 6 13 0 3
2 10 3 11 0 9
3 3 3 17 7 0
3 2 6 17 5 3
4 3 6 13 7 3
4 7 3 13 0 9
3 3 6 17 7 3
4 3 3 13 7 9
---
--- dsa
4
11 10 12 0 0 0
6 7 3 11 0 0
3 5 8 17 0 0
2 10 6 11 0 3
10
3 2 3 17 5 0
6 3 3 11 7 0
4 7 6 13 0 3
2 10 3 11 0 9
3 3 3 17 7 0
3 2 6 17 5 3
4 3 6 13 7 3
4 7 3 13 0 9
3 3 6 17 7 3
4 3 3 13 7 9
---
--- dsadsa
4
11 10 12 0 0 0
6 7 3 11 0 0
8 3 5 11 7 0
6 10 2 11 0 5
3
3 7 3 17 0 0
6 7 9 11 0 3
6 10 5 11 0 7
---
--- dsds
4
11 10 12 0 0 0
6 7 3 11 0 0
8 3 5 11 7 0
6 10 2 11 0 5
4
3 7 3 17 0 0
6 7 9 11 0 3
6 10 5 11 0 7
3 7 9 17 0 3
---
--- dsds
4
11 10 12 0 0 0
6 7 3 11 0 0
8 3 5 11 7 0
6 10 2 11 0 5
5
3 7 3 17 0 0
6 7 9 11 0 3
6 10 5 11 0 7
3 7 9 17 0 3
3 7 9 17 0 3
---
--- dsds
4
11 10 12 0 0 0
6 7 3 11 0 0
8 3 5 11 7 0
6 10 2 11 0 5
6
3 7 3 17 0 0
6 7 9 11 0 3
6 10 5 11 0 7
3 7 9 17 0 3
3 7 9 17 0 3
3 7 9 17 0 3
---
--- dsds
6
9 7 14 0 0 0
20 3 6 0 7 0
11 5 8 9 0 0
7 3 6 9 0 8
6 2 10 9 5 0
8 5 3 9 3 10
19
9 7 1 0 0 14
7 2 6 9 3 8
5 2 8 15 5 0
1 2 2 15 5 8
4 3 6 16 0 8
7 5 1 9 3 13
4 2 2 16 3 8
4 2 2 16 5 8
1 5 1 16 3 13
-1 4 1 9 3 14
-1 4 1 9 3 14
-1 4 1 9 3 14
-1 4 1 9 3 14
-1 4 1 9 3 14
-1 4 1 9 3 14
-1 4 1 9 3 14
-1 4 1 9 3 14
-1 4 1 9 3 14
-1 4 1 9 3 14
---
--- hbf
6
9 7 14 0 0 0
20 3 6 0 7 0
11 5 8 9 0 0
7 3 6 9 0 8
6 2 10 9 5 0
8 5 3 9 3 10
9
9 7 1 0 0 14
7 2 6 9 3 8
5 2 8 15 5 0
1 2 2 15 5 8
4 3 6 16 0 8
7 5 1 9 3 13
4 2 2 16 3 8
4 2 2 16 5 8
1 5 1 16 3 13
---
--- hbf
6
9 7 14 0 0 0
20 3 6 0 7 0
11 5 8 9 0 0
7 3 6 9 0 8
6 2 10 9 5 0
8 5 3 9 3 10
1
9 7 1 0 0 14
---
--- hbf
6
9 7 14 0 0 0
20 3 6 0 7 0
11 5 8 9 0 0
7 3 6 9 0 8
6 2 10 9 5 0
8 5 3 9 3 10
2
9 7 1 0 0 14
7 2 6 9 3 8
---
--- hbf
6
9 7 14 0 0 0
20 3 6 0 7 0
11 5 8 9 0 0
7 3 6 9 0 8
6 2 10 9 5 0
8 5 3 9 3 10
3
9 7 1 0 0 14
7 2 6 9 3 8
5 2 8 15 5 0
---
--- hbf
6
9 7 14 0 0 0
20 3 6 0 7 0
11 5 8 9 0 0
7 3 6 9 0 8
6 2 10 9 5 0
8 5 3 9 3 10
4
9 7 1 0 0 14
7 2 6 9 3 8
5 2 8 15 5 0
1 2 2 15 5 8
---
--- hbf
6
9 7 14 0 0 0
20 3 6 0 7 0
11 5 8 9 0 0
7 3 6 9 0 8
6 2 10 9 5 0
8 5 3 9 3 10
5
9 7 1 0 0 14
7 2 6 9 3 8
5 2 8 15 5 0
1 2 2 15 5 8
4 3 6 16 0 8
---
--- hbf
6
9 7 14 0 0 0
20 3 6 0 7 0
11 5 8 9 0 0
7 3 6 9 0 8
6 2 10 9 5 0
8 5 3 9 3 10
6
9 7 1 0 0 14
7 2 6 9 3 8
5 2 8 15 5 0
1 2 2 15 5 8
4 3 6 16 0 8
7 5 1 9 3 13
---
--- hbf
6
9 7 14 0 0 0
20 3 6 0 7 0
11 5 8 9 0 0
7 3 6 9 0 8
6 2 10 9 5 0
8 5 3 9 3 10
7
9 7 1 0 0 14
7 2 6 9 3 8
5 2 8 15 5 0
1 2 2 15 5 8
4 3 6 16 0 8
7 5 1 9 3 13
4 2 2 16 3 8
---
--- hbf
6
9 7 14 0 0 0
20 3 6 0 7 0
11 5 8 9 0 0
7 3 6 9 0 8
6 2 10 9 5 0
8 5 3 9 3 10
8
9 7 1 0 0 14
7 2 6 9 3 8
5 2 8 15 5 0
1 2 2 15 5 8
4 3 6 16 0 8
7 5 1 9 3 13
4 2 2 16 3 8
4 2 2 16 5 8
---
--- hbf
6
9 7 14 0 0 0
20 3 6 0 7 0
11 5 8 9 0 0
7 3 6 9 0 8
6 2 10 9 5 0
8 5 3 9 3 10
9
9 7 1 0 0 14
7 2 6 9 3 8
5 2 8 15 5 0
1 2 2 15 5 8
4 3 6 16 0 8
7 5 1 9 3 13
4 2 2 16 3 8
4 2 2 16 5 8
1 5 1 16 3 13
---
--- hbf